org_id,org_slug,pyVersion
d701e55d-b969-43fe-bee4-7cc5c2c2e781,gitlab-gGWRXv3QFtPEufL9sAsJJq,3.8
e5967558-20dd-453c-b1da-6fa22d0c4332,circleci-irNoSsGXxTXZUa7U4k8q9K,3.8
4d7b3371-9547-4610-a219-279e5cc1b1c4,snykdemo-FnnGg5v4Wd6VMJs4aCmdFK,3.8
1ea344ba-78ec-4f25-b7aa-be974ec10a46,pythonplayground,3.8
e88764c8-6f3e-41e2-a696-45abe70056a6,insightsdemo,3.8
107f06f7-3d68-4c75-ace9-7f640fd66718,gomodbug,3.8
30e8388f-cc29-4ec7-911c-d1b617fec867,javasandbox,3.8
ceafff18-06cc-4ec2-bdca-eb8f718709bb,cpp-en8xHY3QL5XqK6o42Aa2eL,3.8
dd072c4b-c028-4d83-bbf9-d390bac95287,playground-hLZjEGmVcbP86o7HgjwCyQ,3.8
e32f5bb6-86ee-4419-a21d-1c12e2003df8,githubapp,3.8
22d6ac90-af91-44da-9dae-241dff8cfcd6,iac-8DKz63K4r6JUff9iWdRn78,3.8
c5663868-39cb-4986-970a-304cbea1f8bf,ecr,3.8
22d72a2e-6db5-4bf0-bf19-d5de3b290243,localbroker,3.8
934d6a85-5efc-4fcc-b3d4-bc18e7d28787,mathes-snyk-inc.-default,3.8
